0101   0102   0103   0104   0105   0106   0107   0108   0109   0111   0111   0112   0113   0114   0115   0116   0117   0118   0119   0120
0201   0202   0203   0204   0205   0206   0207   0208   0209   0210   0211   0212   0213   0214   0215   0216   0217   0218   0219   0220
0301   0302   0303   0304   0305   0306   0307   0308   0309   0311   0311   0312   0313   0314   0315   0316   0317   0318   0319   0320
0401   0402   0403   0404   0405   0406   0407   0408   0409   0410   0411   0412   0413   0414   0415   0416   0417   0418   0419   0420
0501   0502   0503   0504   0505   0506   0507   0508   0509   0511   0511   0512   0513   0514   0515   0516   0517   0518   0519   0520
0601   0602   0603   0604   0605   0606   0607   0608   0609   0610   0611   0612   0613   0614   0615   0616   0617   0618   0619   0620
0701   0702   0703   0704   0705   0706   0707   0708   0709   0711   0711   0712   0713   0714   0715   0716   0717   0718   0719   0720
0801   0802   0803   0804   0805   0806   0807   0808   0809   0810   0811   0812   0813   0814   0815   0816   0817   0818   0819   0820
0901   0902   0903   0904   0905   0906   0907   0908   0909   0911   0911   0912   0913   0914   0915   0916   0917   0918   0919   0920
1001   1002   1003   1004   1005   1006   1007   1008   1009   1010   1011   1012   1013   1014   1015   1016   1017   1018   1019   1020
1101   1102   1103   1104   1105   1106   1107   1108   1109   1111   1111   1112   1113   1114   1115   1116   1117   1118   1119   1120
1201   1202   1203   1204   1205   1206   1207   1208   1209   1210   1211   1212   1213   1214   1215   1216   1217   1218   1219   1220
1301   1302   1303   1304   1305   1306   1307   1308   1309   1311   1311   1312   1313   1314   1315   1316   1317   1318   1319   1320
1401   1402   1403   1404   1405   1406   1407   1408   1409   1410   1411   1412   1413   1414   1415   1416   1417   1418   1419   1420
1501   1502   1503   1504   1505   1506   1507   1508   1509   1511   1511   1512   1513   1514   1515   1516   1517   1518   1519   1520
1601   1602   1603   1604   1605   1606   1607   1608   1609   1610   1611   1612   1613   1614   1615   1616   1617   1618   1619   1620
1701   1702   1703   1704   1705   1706   1707   1708   1709   1711   1711   1712   1713   1714   1715   1716   1717   1718   1719   1720
1801   1802   1803   1804   1805   1806   1807   1808   1809   1810   1811   1812   1813   1814   1815   1816   1817   1818   1819   1820
1901   1902   1903   1904   1905   1906   1907   1908   1909   1911   1911   1912   1913   1914   1915   1916   1917   1918   1919   1920
2001   2002   2003   2004   2005   2006   2007   2008   2009   2010   2011   2012   2013   2014   2015   2016   2017   2018   2019   2020
2101   2102   2103   2104   2105   2106   2107   2108   2109   2111   2111   2112   2113   2114   2115   2116   2117   2118   2119   2120
2201   2202   2203   2204   2205   2206   2207   2208   2209   2210   2211   2212   2213   2214   2215   2216   2217   2218   2219   2220
2301   2302   2303   2304   2305   2306   2307   2308   2309   2311   2311   2312   2313   2314   2315   2316   2317   2318   2319   2320
2401   2402   2403   2404   2405   2406   2407   2408   2409   2410   2411   2412   2413   2414   2415   2416   2417   2418   2419   2420
2501   2502   2503   2504   2505   2506   2507   2508   2509   2511   2511   2512   2513   2514   2515   2516   2517   2518   2519   2520
2601   2602   2603   2604   2605   2606   2607   2608   2609   2610   2611   2612   2613   2614   2615   2616   2617   2618   2619   2620
2701   2702   2703   2704   2705   2706   2707   2708   2709   2711   2711   2712   2713   2714   2715   2716   2717   2718   2719   2720
2801   2802   2803   2804   2805   2806   2807   2808   2809   2810   2811   2812   2813   2814   2815   2816   2817   2818   2819   2820
2901   2902   2903   2904   2905   2906   2907   2908   2909   2911   2911   2912   2913   2914   2915   2916   2917   2918   2919   2920
3001   3002   3003   3004   3005   3006   3007   3008   3009   3010   3011   3012   3013   3014   3015   3016   3017   3018   3019   3020
3101   3102   3103   3104   3105   3106   3107   3108   3109   3111   3111   3112   3113   3114   3115   3116   3117   3118   3119   3120
3201   3202   3203   3204   3205   3206   3207   3208   3209   3210   3211   3212   3213   3214   3215   3216   3217   3218   3219   3220
3301   3302   3303   3304   3305   3306   3307   3308   3309   3311   3311   3312   3313   3314   3315   3316   3317   3318   3319   3320
3401   3402   3403   3404   3405   3406   3407   3408   3409   3410   3411   3412   3413   3414   3415   3416   3417   3418   3419   3420
3501   3502   3503   3504   3505   3506   3507   3508   3509   3511   3511   3512   3513   3514   3515   3516   3517   3518   3519   3520
3601   3602   3603   3604   3605   3606   3607   3608   3609   3610   3611   3612   3613   3614   3615   3616   3617   3618   3619   3620
3701   3702   3703   3704   3705   3706   3707   3708   3709   3711   3711   3712   3713   3714   3715   3716   3717   3718   3719   3720
3801   3802   3803   3804   3805   3806   3807   3808   3809   3810   3811   3812   3813   3814   3815   3816   3817   3818   3819   3820
3901   3902   3903   3904   3905   3906   3907   3908   3909   3911   3911   3912   3913   3914   3915   3916   3917   3918   3919   3920
4001   4002   4003   4004   4005   4006   4007   4008   4009   4010   4011   4012   4013   4014   4015   4016   4017   4018   4019   4020
4101   4102   4103   4104   4105   4106   4107   4108   4109   4111   4111   4112   4113   4114   4115   4116   4117   4118   4119   4120
4201   4202   4203   4204   4205   4206   4207   4208   4209   4210   4211   4212   4213   4214   4215   4216   4217   4218   4219   4220
4301   4302   4303   4304   4305   4306   4307   4308   4309   4311   4311   4312   4313   4314   4315   4316   4317   4318   4319   4320
4401   4402   4403   4404   4405   4406   4407   4408   4409   4410   4411   4412   4413   4414   4415   4416   4417   4418   4419   4420
4501   4502   4503   4504   4505   4506   4507   4508   4509   4511   4511   4512   4513   4514   4515   4516   4517   4518   4519   4520
4601   4602   4603   4604   4605   4606   4607   4608   4609   4610   4611   4612   4613   4614   4615   4616   4617   4618   4619   4620
4701   4702   4703   4704   4705   4706   4707   4708   4709   4711   4711   4712   4713   4714   4715   4716   4717   4718   4719   4720
4801   4802   4803   4804   4805   4806   4807   4808   4809   4810   4811   4812   4813   4814   4815   4816   4817   4818   4819   4820
4901   4902   4903   4904   4905   4906   4907   4908   4909   4911   4911   4912   4913   4914   4915   4916   4917   4918   4919   4920
5001   5002   5003   5004   5005   5006   5007   5008   5009   5010   5011   5012   5013   5014   5015   5016   5017   5018   5019   5020
5101   5102   5103   5104   5105   5106   5107   5108   5109   5111   5111   5112   5113   5114   5115   5116   5117   5118   5119   5120
5201   5202   5203   5204   5205   5206   5207   5208   5209   5210   5211   5212   5213   5214   5215   5216   5217   5218   5219   5220
5301   5302   5303   5304   5305   5306   5307   5308   5309   5311   5311   5312   5313   5314   5315   5316   5317   5318   5319   5320
5401   5402   5403   5404   5405   5406   5407   5408   5409   5410   5411   5412   5413   5414   5415   5416   5417   5418   5419   5420
5501   5502   5503   5504   5505   5506   5507   5508   5509   5511   5511   5512   5513   5514   5515   5516   5517   5518   5519   5520
5601   5602   5603   5604   5605   5606   5607   5608   5609   5610   5611   5612   5613   5614   5615   5616   5617   5618   5619   5620
5701   5702   5703   5704   5705   5706   5707   5708   5709   5711   5711   5712   5713   5714   5715   5716   5717   5718   5719   5720
5801   5802   5803   5804   5805   5806   5807   5808   5809   5810   5811   5812   5813   5814   5815   5816   5817   5818   5819   5820
5901   5902   5903   5904   5905   5906   5907   5908   5909   5911   5911   5912   5913   5914   5915   5916   5917   5918   5919   5920
6001   6002   6003   6004   6005   6006   6007   6008   6009   6010   6011   6012   6013   6014   6015   6016   6017   6018   6019   6020
6101   6102   6103   6104   6105   6106   6107   6108   6109   6111   6111   6112   6113   6114   6115   6116   6117   6118   6119   6120
6201   6202   6203   6204   6205   6206   6207   6208   6209   6210   6211   6212   6213   6214   6215   6216   6217   6218   6219   6220
6301   6302   6303   6304   6305   6306   6307   6308   6309   6311   6311   6312   6313   6314   6315   6316   6317   6318   6319   6320
6401   6402   6403   6404   6405   6406   6407   6408   6409   6410   6411   6412   6413   6414   6415   6416   6417   6418   6419   6420
6501   6502   6503   6504   6505   6506   6507   6508   6509   6511   6511   6512   6513   6514   6515   6516   6517   6518   6519   6520
6601   6602   6603   6604   6605   6606   6607   6608   6609   6610   6611   6612   6613   6614   6615   6616   6617   6618   6619   6620
6701   6702   6703   6704   6705   6706   6707   6708   6709   6711   6711   6712   6713   6714   6715   6716   6717   6718   6719   6720
6801   6802   6803   6804   6805   6806   6807   6808   6809   6810   6811   6812   6813   6814   6815   6816   6817   6818   6819   6820
6901   6902   6903   6904   6905   6906   6907   6908   6909   6911   6911   6912   6913   6914   6915   6916   6917   6918   6919   6920
7001   7002   7003   7004   7005   7006   7007   7008   7009   7010   7011   7012   7013   7014   7015   7016   7017   7018   7019   7020
7101   7102   7103   7104   7105   7106   7107   7108   7109   7111   7111   7112   7113   7114   7115   7116   7117   7118   7119   7120
7201   7202   7203   7204   7205   7206   7207   7208   7209   7210   7211   7212   7213   7214   7215   7216   7217   7218   7219   7220
7301   7302   7303   7304   7305   7306   7307   7308   7309   7311   7311   7312   7313   7314   7315   7316   7317   7318   7319   7320
7401   7402   7403   7404   7405   7406   7407   7408   7409   7410   7411   7412   7413   7414   7415   7416   7417   7418   7419   7420
7501   7502   7503   7504   7505   7506   7507   7508   7509   7511   7511   7512   7513   7514   7515   7516   7517   7518   7519   7520
7601   7602   7603   7604   7605   7606   7607   7608   7609   7610   7611   7612   7613   7614   7615   7616   7617   7618   7619   7620
7701   7702   7703   7704   7705   7706   7707   7708   7709   7711   7711   7712   7713   7714   7715   7716   7717   7718   7719   7720
7801   7802   7803   7804   7805   7806   7807   7808   7809   7810   7811   7812   7813   7814   7815   7816   7817   7818   7819   7820
7901   7902   7903   7904   7905   7906   7907   7908   7909   7911   7911   7912   7913   7914   7915   7916   7917   7918   7919   7920
8001   8002   8003   8004   8005   8006   8007   8008   8009   8010   8011   8012   8013   8014   8015   8016   8017   8018   8019   8020
8101   8102   8103   8104   8105   8106   8107   8108   8109   8111   8111   8112   8113   8114   8115   8116   8117   8118   8119   8120
8201   8202   8203   8204   8205   8206   8207   8208   8209   8210   8211   8212   8213   8214   8215   8216   8217   8218   8219   8220
8301   8302   8303   8304   8305   8306   8307   8308   8309   8311   8311   8312   8313   8314   8315   8316   8317   8318   8319   8320
8401   8402   8403   8404   8405   8406   8407   8408   8409   8410   8411   8412   8413   8414   8415   8416   8417   8418   8419   8420
8501   8502   8503   8504   8505   8506   8507   8508   8509   8511   8511   8512   8513   8514   8515   8516   8517   8518   8519   8520
8601   8602   8603   8604   8605   8606   8607   8608   8609   8610   8611   8612   8613   8614   8615   8616   8617   8618   8619   8620
8701   8702   8703   8704   8705   8706   8707   8708   8709   8711   8711   8712   8713   8714   8715   8716   8717   8718   8719   8720
8801   8802   8803   8804   8805   8806   8807   8808   8809   8810   8811   8812   8813   8814   8815   8816   8817   8818   8819   8820
8901   8902   8903   8904   8905   8906   8907   8908   8909   8911   8911   8912   8913   8914   8915   8916   8917   8918   8919   8920
9001   9002   9003   9004   9005   9006   9007   9008   9009   9010   9011   9012   9013   9014   9015   9016   9017   9018   9019   9020
9101   9102   9103   9104   9105   9106   9107   9108   9109   9111   9111   9112   9113   9114   9115   9116   9117   9118   9119   9120
9201   9202   9203   9204   9205   9206   9207   9208   9209   9210   9211   9212   9213   9214   9215   9216   9217   9218   9219   9220
9301   9302   9303   9304   9305   9306   9307   9308   9309   9311   9311   9312   9313   9314   9315   9316   9317   9318   9319   9320
9401   9402   9403   9404   9405   9406   9407   9408   9409   9410   9411   9412   9413   9414   9415   9416   9417   9418   9419   9420
9501   9502   9503   9504   9505   9506   9507   9508   9509   9511   9511   9512   9513   9514   9515   9516   9517   9518   9519   9520
9601   9602   9603   9604   9605   9606   9607   9608   9609   9610   9611   9612   9613   9614   9615   9616   9617   9618   9619   9620
9701   9702   9703   9704   9705   9706   9707   9708   9709   9711   9711   9712   9713   9714   9715   9716   9717   9718   9719   9720
9801   9802   9803   9804   9805   9806   9807   9808   9809   9810   9811   9812   9813   9814   9815   9816   9817   9818   9819   9820
9901   9902   9903   9904   9905   9906   9907   9908   9909   9911   9911   9912   9913   9914   9915   9916   9917   9918   9919   9920
